- name: Wegwijzer
  latitude: 51.9798564
  longitude: 5.7960606000000325
  radius: 250
  icon: mdi:school
- name: Jpthijsseschool
  latitude: 51.9835338
  longitude: 5.747043800000029
  radius: 250
  icon: mdi:school
- name: Schweitzerschool
  latitude: 51.9782088
  longitude: 5.731976700000018
  radius: 250
  icon: mdi:school
- name: Toorank
  latitude: 51.9307445
  longitude: 6.101333699999941
  radius: 250
  icon: mdi:briefcase